time(s) signal
0.000000 0.0000000000
0.001000 0.0000000000
0.002000 0.0000000000
0.003000 0.0000000000
0.004000 0.0000000000
0.005000 0.0000000000
0.006000 0.0000000000
0.007000 0.0000000000
0.008000 0.0000000000
0.009000 0.0000000000
0.010000 0.0000000000
0.011000 0.0000000000
0.012000 0.0000000000
0.013000 0.0000000000
0.014000 0.0000000000
0.015000 0.0000000000
0.016000 0.0000000000
0.017000 0.0000000000
0.018000 0.0000000000
0.019000 0.0000000000
0.020000 0.0000000000
0.021000 0.0000000000
0.022000 0.0000000000
0.023000 0.0000000000
0.024000 0.0000000000
0.025000 0.0000000000
0.026000 0.0000000000
0.027000 0.0000000000
0.028000 0.0000000000
0.029000 0.0000000000
0.030000 0.0000000000
0.031000 0.0000000000
0.032000 0.0000000000
0.033000 0.0000000000
0.034000 0.0000000000
0.035000 0.0000000000
0.036000 0.0000000000
0.037000 0.0000000000
0.038000 0.0000000000
0.039000 0.0000000000
0.040000 0.0000000000
0.041000 0.0000000000
0.042000 0.0000000000
0.043000 0.0000000000
0.044000 0.0000000000
0.045000 0.0000000000
0.046000 0.0000000000
0.047000 0.0000000000
0.048000 0.0000000000
0.049000 0.0000000000
0.050000 0.0000000000
0.051000 0.0000000000
0.052000 0.0000000000
0.053000 0.0000000000
0.054000 0.0000000000
0.055000 0.0000000000
0.056000 0.0000000000
0.057000 0.0000000000
0.058000 0.0000000000
0.059000 0.0000000000
0.060000 0.0000000000
0.061000 0.0000000000
0.062000 0.0000000000
0.063000 0.0000000000
0.064000 0.0000000000
0.065000 0.0000000000
0.066000 0.0000000000
0.067000 0.0000000000
0.068000 0.0000000000
0.069000 0.0000000000
0.070000 0.0000000000
0.071000 0.0000000000
0.072000 0.0000000000
0.073000 0.0000000000
0.074000 0.0000000000
0.075000 0.0000000000
0.076000 0.0000000000
0.077000 0.0000000000
0.078000 0.0000000000
0.079000 0.0000000000
0.080000 0.0000000000
0.081000 0.0000000000
0.082000 0.0000000000
0.083000 0.0000000000
0.084000 0.0000000000
0.085000 0.0000000000
0.086000 0.0000000000
0.087000 0.0000000000
0.088000 0.0000000000
0.089000 0.0000000000
0.090000 0.0000000000
0.091000 0.0000000000
0.092000 0.0000000000
0.093000 0.0000000000
0.094000 0.0000000000
0.095000 0.0000000000
0.096000 0.0000000000
0.097000 0.0000000000
0.098000 0.0000000000
0.099000 0.0000000000
0.100000 0.0000000000
0.101000 0.0000000000
0.102000 0.0000000000
0.103000 0.0000000000
0.104000 0.0000000000
0.105000 0.0000000000
0.106000 0.0000000000
0.107000 0.0000000000
0.108000 0.0000000000
0.109000 0.0000000000
0.110000 0.0000000000
0.111000 0.0000000000
0.112000 0.0000000000
0.113000 0.0000000000
0.114000 0.0000000000
0.115000 0.0000000000
0.116000 0.0000000000
0.117000 0.0000000000
0.118000 0.0000000000
0.119000 0.0000000000
0.120000 0.0000000000
0.121000 0.0000000000
0.122000 0.0000000000
0.123000 0.0000000000
0.124000 0.0000000000
0.125000 0.0000000000
0.126000 0.0000000000
0.127000 0.0000000000
0.128000 0.0000000000
0.129000 0.0000000000
0.130000 0.0000000000
0.131000 0.0000000000
0.132000 0.0000000000
0.133000 0.0000000000
0.134000 0.0000000000
0.135000 0.0000000000
0.136000 0.0000000000
0.137000 0.0000000000
0.138000 0.0000000000
0.139000 0.0000000000
0.140000 0.0000000000
0.141000 0.0000000000
0.142000 0.0000000000
0.143000 0.0000000000
0.144000 0.0000000000
0.145000 0.0000000000
0.146000 0.0000000000
0.147000 0.0000000000
0.148000 0.0000000000
0.149000 0.0000000000
0.150000 0.0000000000
0.151000 0.0000000000
0.152000 0.0000000000
0.153000 0.0000000000
0.154000 0.0000000000
0.155000 0.0000000000
0.156000 0.0000000000
0.157000 0.0000000000
0.158000 0.0000000000
0.159000 0.0000000000
0.160000 0.0000000000
0.161000 0.0000000000
0.162000 0.0000000000
0.163000 0.0000000000
0.164000 0.0000000000
0.165000 0.0000000000
0.166000 0.0000000000
0.167000 0.0000000000
0.168000 0.0000000000
0.169000 0.0000000000
0.170000 0.0000000000
0.171000 0.0000000000
0.172000 0.0000000000
0.173000 0.0000000000
0.174000 0.0000000000
0.175000 0.0000000000
0.176000 0.0000000000
0.177000 0.0000000000
0.178000 0.0000000000
0.179000 0.0000000000
0.180000 0.0000000000
0.181000 0.0000000000
0.182000 0.0000000000
0.183000 0.0000000000
0.184000 0.0000000000
0.185000 0.0000000000
0.186000 0.0000000000
0.187000 0.0000000000
0.188000 0.0000000000
0.189000 0.0000000000
0.190000 0.0000000000
0.191000 0.0000000000
0.192000 0.0000000000
0.193000 0.0000000000
0.194000 0.0000000000
0.195000 0.0000000000
0.196000 0.0000000000
0.197000 0.0000000000
0.198000 0.0000000000
0.199000 0.0000000000
0.200000 0.0000000000
0.201000 0.0000000000
0.202000 0.0000000000
0.203000 0.0000000000
0.204000 0.0000000000
0.205000 0.0000000000
0.206000 0.0000000000
0.207000 0.0000000000
0.208000 0.0000000000
0.209000 0.0000000000
0.210000 0.0000000000
0.211000 0.0000000000
0.212000 0.0000000000
0.213000 0.0000000000
0.214000 0.0000000000
0.215000 0.0000000000
0.216000 0.0000000000
0.217000 0.0000000000
0.218000 0.0000000000
0.219000 0.0000000000
0.220000 0.0000000000
0.221000 0.0000000000
0.222000 0.0000000000
0.223000 0.0000000000
0.224000 0.0000000000
0.225000 0.0000000000
0.226000 0.0000000000
0.227000 0.0000000000
0.228000 0.0000000000
0.229000 0.0000000000
0.230000 0.0000000000
0.231000 0.0000000000
0.232000 0.0000000000
0.233000 0.0000000000
0.234000 0.0000000000
0.235000 0.0000000000
0.236000 0.0000000000
0.237000 0.0000000000
0.238000 0.0000000000
0.239000 0.0000000000
0.240000 0.0000000000
0.241000 0.0000000000
0.242000 0.0000000000
0.243000 0.0000000000
0.244000 0.0000000000
0.245000 0.0000000000
0.246000 0.0000000000
0.247000 0.0000000000
0.248000 0.0000000000
0.249000 0.0000000000
0.250000 20.0000000000
0.251000 19.7440195204
0.252000 18.9835964702
0.253000 17.7410441139
0.254000 16.0527530747
0.255000 13.9680224667
0.256000 11.5474791899
0.257000 8.8611387691
0.258000 5.9861731451
0.259000 3.0044605800
0.260000 0.0000000000
0.261000 -2.9437235952
0.262000 -5.7463347022
0.263000 -8.3330376231
0.264000 -10.6368799463
0.265000 -12.6007351067
0.266000 -14.1789399288
0.267000 -15.3385352341
0.268000 -16.0600715088
0.269000 -16.3379567989
0.270000 -16.1803398875
0.271000 -15.6085378597
0.272000 -14.6560328087
0.273000 -13.3670771381
0.274000 -11.7949601590
0.275000 -10.0000000000
0.276000 -8.0473338673
0.277000 -6.0045860844
0.278000 -3.9394969091
0.279000 -1.9175957412
0.280000 -0.0000000000
0.281000 1.7585842504
0.282000 3.3115917138
0.283000 4.6219993345
0.284000 5.6633540975
0.285000 6.4203952192
0.286000 6.8892536546
0.287000 7.0772272325
0.288000 7.0021450928
0.289000 6.6913498869
0.290000 6.1803398875
0.291000 5.5111252513
0.292000 4.7303627545
0.293000 3.8873410258
0.294000 3.0318933586
0.295000 2.2123174208
0.296000 1.4733805262
0.297000 0.8544856039
0.298000 0.3880667524
0.299000 0.0982745059
0.300000 0.0000000000
0.301000 0.0982745059
0.302000 0.3880667524
0.303000 0.8544856039
0.304000 1.4733805262
0.305000 2.2123174208
0.306000 3.0318933586
0.307000 3.8873410258
0.308000 4.7303627545
0.309000 5.5111252513
0.310000 6.1803398875
0.311000 6.6913498869
0.312000 7.0021450928
0.313000 7.0772272325
0.314000 6.8892536546
0.315000 6.4203952192
0.316000 5.6633540975
0.317000 4.6219993345
0.318000 3.3115917138
0.319000 1.7585842504
0.320000 0.0000000000
0.321000 -1.9175957412
0.322000 -3.9394969091
0.323000 -6.0045860844
0.324000 -8.0473338673
0.325000 -10.0000000000
0.326000 -11.7949601590
0.327000 -13.3670771381
0.328000 -14.6560328087
0.329000 -15.6085378597
0.330000 -16.1803398875
0.331000 -16.3379567989
0.332000 -16.0600715088
0.333000 -15.3385352341
0.334000 -14.1789399288
0.335000 -12.6007351067
0.336000 -10.6368799463
0.337000 -8.3330376231
0.338000 -5.7463347022
0.339000 -2.9437235952
0.340000 -0.0000000000
0.341000 3.0044605800
0.342000 5.9861731451
0.343000 8.8611387691
0.344000 11.5474791899
0.345000 13.9680224667
0.346000 16.0527530747
0.347000 17.7410441139
0.348000 18.9835964702
0.349000 19.7440195204
0.350000 20.0000000000
0.351000 19.7440195204
0.352000 18.9835964702
0.353000 17.7410441139
0.354000 16.0527530747
0.355000 13.9680224667
0.356000 11.5474791899
0.357000 8.8611387691
0.358000 5.9861731451
0.359000 3.0044605800
0.360000 0.0000000000
0.361000 -2.9437235952
0.362000 -5.7463347022
0.363000 -8.3330376231
0.364000 -10.6368799463
0.365000 -12.6007351067
0.366000 -14.1789399288
0.367000 -15.3385352341
0.368000 -16.0600715088
0.369000 -16.3379567989
0.370000 -16.1803398875
0.371000 -15.6085378597
0.372000 -14.6560328087
0.373000 -13.3670771381
0.374000 -11.7949601590
0.375000 -10.0000000000
0.376000 -8.0473338673
0.377000 -6.0045860844
0.378000 -3.9394969091
0.379000 -1.9175957412
0.380000 -0.0000000000
0.381000 1.7585842504
0.382000 3.3115917138
0.383000 4.6219993345
0.384000 5.6633540975
0.385000 6.4203952192
0.386000 6.8892536546
0.387000 7.0772272325
0.388000 7.0021450928
0.389000 6.6913498869
0.390000 6.1803398875
0.391000 5.5111252513
0.392000 4.7303627545
0.393000 3.8873410258
0.394000 3.0318933586
0.395000 2.2123174208
0.396000 1.4733805262
0.397000 0.8544856039
0.398000 0.3880667524
0.399000 0.0982745059
0.400000 0.0000000000
0.401000 0.0982745059
0.402000 0.3880667524
0.403000 0.8544856039
0.404000 1.4733805262
0.405000 2.2123174208
0.406000 3.0318933586
0.407000 3.8873410258
0.408000 4.7303627545
0.409000 5.5111252513
0.410000 6.1803398875
0.411000 6.6913498869
0.412000 7.0021450928
0.413000 7.0772272325
0.414000 6.8892536546
0.415000 6.4203952192
0.416000 5.6633540975
0.417000 4.6219993345
0.418000 3.3115917138
0.419000 1.7585842504
0.420000 0.0000000000
0.421000 -1.9175957412
0.422000 -3.9394969091
0.423000 -6.0045860844
0.424000 -8.0473338673
0.425000 -10.0000000000
0.426000 -11.7949601590
0.427000 -13.3670771381
0.428000 -14.6560328087
0.429000 -15.6085378597
0.430000 -16.1803398875
0.431000 -16.3379567989
0.432000 -16.0600715088
0.433000 -15.3385352341
0.434000 -14.1789399288
0.435000 -12.6007351067
0.436000 -10.6368799463
0.437000 -8.3330376231
0.438000 -5.7463347022
0.439000 -2.9437235952
0.440000 -0.0000000000
0.441000 3.0044605800
0.442000 5.9861731451
0.443000 8.8611387691
0.444000 11.5474791899
0.445000 13.9680224667
0.446000 16.0527530747
0.447000 17.7410441139
0.448000 18.9835964702
0.449000 19.7440195204
0.450000 20.0000000000
0.451000 19.7440195204
0.452000 18.9835964702
0.453000 17.7410441139
0.454000 16.0527530747
0.455000 13.9680224667
0.456000 11.5474791899
0.457000 8.8611387691
0.458000 5.9861731451
0.459000 3.0044605800
0.460000 0.0000000000
0.461000 -2.9437235952
0.462000 -5.7463347022
0.463000 -8.3330376231
0.464000 -10.6368799463
0.465000 -12.6007351067
0.466000 -14.1789399288
0.467000 -15.3385352341
0.468000 -16.0600715088
0.469000 -16.3379567989
0.470000 -16.1803398875
0.471000 -15.6085378597
0.472000 -14.6560328087
0.473000 -13.3670771381
0.474000 -11.7949601590
0.475000 -10.0000000000
0.476000 -8.0473338673
0.477000 -6.0045860844
0.478000 -3.9394969091
0.479000 -1.9175957412
0.480000 -0.0000000000
0.481000 1.7585842504
0.482000 3.3115917138
0.483000 4.6219993345
0.484000 5.6633540975
0.485000 6.4203952192
0.486000 6.8892536546
0.487000 7.0772272325
0.488000 7.0021450928
0.489000 6.6913498869
0.490000 6.1803398875
0.491000 5.5111252513
0.492000 4.7303627545
0.493000 3.8873410258
0.494000 3.0318933586
0.495000 2.2123174208
0.496000 1.4733805262
0.497000 0.8544856039
0.498000 0.3880667524
0.499000 0.0982745059
0.500000 0.0000000000
0.501000 0.0982745059
0.502000 0.3880667524
0.503000 0.8544856039
0.504000 1.4733805262
0.505000 2.2123174208
0.506000 3.0318933586
0.507000 3.8873410258
0.508000 4.7303627545
0.509000 5.5111252513
0.510000 6.1803398875
0.511000 6.6913498869
0.512000 7.0021450928
0.513000 7.0772272325
0.514000 6.8892536546
0.515000 6.4203952192
0.516000 5.6633540975
0.517000 4.6219993345
0.518000 3.3115917138
0.519000 1.7585842504
0.520000 0.0000000000
0.521000 -1.9175957412
0.522000 -3.9394969091
0.523000 -6.0045860844
0.524000 -8.0473338673
0.525000 -10.0000000000
0.526000 -11.7949601590
0.527000 -13.3670771381
0.528000 -14.6560328087
0.529000 -15.6085378597
0.530000 -16.1803398875
0.531000 -16.3379567989
0.532000 -16.0600715088
0.533000 -15.3385352341
0.534000 -14.1789399288
0.535000 -12.6007351067
0.536000 -10.6368799463
0.537000 -8.3330376231
0.538000 -5.7463347022
0.539000 -2.9437235952
0.540000 -0.0000000000
0.541000 3.0044605800
0.542000 5.9861731451
0.543000 8.8611387691
0.544000 11.5474791899
0.545000 13.9680224667
0.546000 16.0527530747
0.547000 17.7410441139
0.548000 18.9835964702
0.549000 19.7440195204
0.550000 20.0000000000
0.551000 19.7440195204
0.552000 18.9835964702
0.553000 17.7410441139
0.554000 16.0527530747
0.555000 13.9680224667
0.556000 11.5474791899
0.557000 8.8611387691
0.558000 5.9861731451
0.559000 3.0044605800
0.560000 0.0000000000
0.561000 -2.9437235952
0.562000 -5.7463347022
0.563000 -8.3330376231
0.564000 -10.6368799463
0.565000 -12.6007351067
0.566000 -14.1789399288
0.567000 -15.3385352341
0.568000 -16.0600715088
0.569000 -16.3379567989
0.570000 -16.1803398875
0.571000 -15.6085378597
0.572000 -14.6560328087
0.573000 -13.3670771381
0.574000 -11.7949601590
0.575000 -10.0000000000
0.576000 -8.0473338673
0.577000 -6.0045860844
0.578000 -3.9394969091
0.579000 -1.9175957412
0.580000 -0.0000000000
0.581000 1.7585842504
0.582000 3.3115917138
0.583000 4.6219993345
0.584000 5.6633540975
0.585000 6.4203952192
0.586000 6.8892536546
0.587000 7.0772272325
0.588000 7.0021450928
0.589000 6.6913498869
0.590000 6.1803398875
0.591000 5.5111252513
0.592000 4.7303627545
0.593000 3.8873410258
0.594000 3.0318933586
0.595000 2.2123174208
0.596000 1.4733805262
0.597000 0.8544856039
0.598000 0.3880667524
0.599000 0.0982745059
0.600000 0.0000000000
0.601000 0.0982745059
0.602000 0.3880667524
0.603000 0.8544856039
0.604000 1.4733805262
0.605000 2.2123174208
0.606000 3.0318933586
0.607000 3.8873410258
0.608000 4.7303627545
0.609000 5.5111252513
0.610000 6.1803398875
0.611000 6.6913498869
0.612000 7.0021450928
0.613000 7.0772272325
0.614000 6.8892536546
0.615000 6.4203952192
0.616000 5.6633540975
0.617000 4.6219993345
0.618000 3.3115917138
0.619000 1.7585842504
0.620000 0.0000000000
0.621000 -1.9175957412
0.622000 -3.9394969091
0.623000 -6.0045860844
0.624000 -8.0473338673
0.625000 -10.0000000000
0.626000 -11.7949601590
0.627000 -13.3670771381
0.628000 -14.6560328087
0.629000 -15.6085378597
0.630000 -16.1803398875
0.631000 -16.3379567989
0.632000 -16.0600715088
0.633000 -15.3385352341
0.634000 -14.1789399288
0.635000 -12.6007351067
0.636000 -10.6368799463
0.637000 -8.3330376231
0.638000 -5.7463347022
0.639000 -2.9437235952
0.640000 -0.0000000000
0.641000 3.0044605800
0.642000 5.9861731451
0.643000 8.8611387691
0.644000 11.5474791899
0.645000 13.9680224667
0.646000 16.0527530747
0.647000 17.7410441139
0.648000 18.9835964702
0.649000 19.7440195204
0.650000 20.0000000000
0.651000 19.7440195204
0.652000 18.9835964702
0.653000 17.7410441139
0.654000 16.0527530747
0.655000 13.9680224667
0.656000 11.5474791899
0.657000 8.8611387691
0.658000 5.9861731451
0.659000 3.0044605800
0.660000 0.0000000000
0.661000 -2.9437235952
0.662000 -5.7463347022
0.663000 -8.3330376231
0.664000 -10.6368799463
0.665000 -12.6007351067
0.666000 -14.1789399288
0.667000 -15.3385352341
0.668000 -16.0600715088
0.669000 -16.3379567989
0.670000 -16.1803398875
0.671000 -15.6085378597
0.672000 -14.6560328087
0.673000 -13.3670771381
0.674000 -11.7949601590
0.675000 -10.0000000000
0.676000 -8.0473338673
0.677000 -6.0045860844
0.678000 -3.9394969091
0.679000 -1.9175957412
0.680000 -0.0000000000
0.681000 1.7585842504
0.682000 3.3115917138
0.683000 4.6219993345
0.684000 5.6633540975
0.685000 6.4203952192
0.686000 6.8892536546
0.687000 7.0772272325
0.688000 7.0021450928
0.689000 6.6913498869
0.690000 6.1803398875
0.691000 5.5111252513
0.692000 4.7303627545
0.693000 3.8873410258
0.694000 3.0318933586
0.695000 2.2123174208
0.696000 1.4733805262
0.697000 0.8544856039
0.698000 0.3880667524
0.699000 0.0982745059
0.700000 0.0000000000
0.701000 0.0982745059
0.702000 0.3880667524
0.703000 0.8544856039
0.704000 1.4733805262
0.705000 2.2123174208
0.706000 3.0318933586
0.707000 3.8873410258
0.708000 4.7303627545
0.709000 5.5111252513
0.710000 6.1803398875
0.711000 6.6913498869
0.712000 7.0021450928
0.713000 7.0772272325
0.714000 6.8892536546
0.715000 6.4203952192
0.716000 5.6633540975
0.717000 4.6219993345
0.718000 3.3115917138
0.719000 1.7585842504
0.720000 -0.0000000000
0.721000 -1.9175957412
0.722000 -3.9394969091
0.723000 -6.0045860844
0.724000 -8.0473338673
0.725000 -10.0000000000
0.726000 -11.7949601590
0.727000 -13.3670771381
0.728000 -14.6560328087
0.729000 -15.6085378597
0.730000 -16.1803398875
0.731000 -16.3379567989
0.732000 -16.0600715088
0.733000 -15.3385352341
0.734000 -14.1789399288
0.735000 -12.6007351067
0.736000 -10.6368799463
0.737000 -8.3330376231
0.738000 -5.7463347022
0.739000 -2.9437235952
0.740000 -0.0000000000
0.741000 3.0044605800
0.742000 5.9861731451
0.743000 8.8611387691
0.744000 11.5474791899
0.745000 13.9680224667
0.746000 16.0527530747
0.747000 17.7410441139
0.748000 18.9835964702
0.749000 19.7440195204
0.750000 20.0000000000
0.751000 19.7440195204
0.752000 18.9835964702
0.753000 17.7410441139
0.754000 16.0527530747
0.755000 13.9680224667
0.756000 11.5474791899
0.757000 8.8611387691
0.758000 5.9861731451
0.759000 3.0044605800
0.760000 0.0000000000
0.761000 -2.9437235952
0.762000 -5.7463347022
0.763000 -8.3330376231
0.764000 -10.6368799463
0.765000 -12.6007351067
0.766000 -14.1789399288
0.767000 -15.3385352341
0.768000 -16.0600715088
0.769000 -16.3379567989
0.770000 -16.1803398875
0.771000 -15.6085378597
0.772000 -14.6560328087
0.773000 -13.3670771381
0.774000 -11.7949601590
0.775000 -10.0000000000
0.776000 -8.0473338673
0.777000 -6.0045860844
0.778000 -3.9394969091
0.779000 -1.9175957412
0.780000 -0.0000000000
0.781000 1.7585842504
0.782000 3.3115917138
0.783000 4.6219993345
0.784000 5.6633540975
0.785000 6.4203952192
0.786000 6.8892536546
0.787000 7.0772272325
0.788000 7.0021450928
0.789000 6.6913498869
0.790000 6.1803398875
0.791000 5.5111252513
0.792000 4.7303627545
0.793000 3.8873410258
0.794000 3.0318933586
0.795000 2.2123174208
0.796000 1.4733805262
0.797000 0.8544856039
0.798000 0.3880667524
0.799000 0.0982745059
0.800000 0.0000000000
0.801000 0.0000000000
0.802000 0.0000000000
0.803000 0.0000000000
0.804000 0.0000000000
0.805000 0.0000000000
0.806000 0.0000000000
0.807000 0.0000000000
0.808000 0.0000000000
0.809000 0.0000000000
0.810000 0.0000000000
0.811000 0.0000000000
0.812000 0.0000000000
0.813000 0.0000000000
0.814000 0.0000000000
0.815000 0.0000000000
0.816000 0.0000000000
0.817000 0.0000000000
0.818000 0.0000000000
0.819000 0.0000000000
0.820000 0.0000000000
0.821000 0.0000000000
0.822000 0.0000000000
0.823000 0.0000000000
0.824000 0.0000000000
0.825000 0.0000000000
0.826000 0.0000000000
0.827000 0.0000000000
0.828000 0.0000000000
0.829000 0.0000000000
0.830000 0.0000000000
0.831000 0.0000000000
0.832000 0.0000000000
0.833000 0.0000000000
0.834000 0.0000000000
0.835000 0.0000000000
0.836000 0.0000000000
0.837000 0.0000000000
0.838000 0.0000000000
0.839000 0.0000000000
0.840000 0.0000000000
0.841000 0.0000000000
0.842000 0.0000000000
0.843000 0.0000000000
0.844000 0.0000000000
0.845000 0.0000000000
0.846000 0.0000000000
0.847000 0.0000000000
0.848000 0.0000000000
0.849000 0.0000000000
0.850000 0.0000000000
0.851000 0.0000000000
0.852000 0.0000000000
0.853000 0.0000000000
0.854000 0.0000000000
0.855000 0.0000000000
0.856000 0.0000000000
0.857000 0.0000000000
0.858000 0.0000000000
0.859000 0.0000000000
0.860000 0.0000000000
0.861000 0.0000000000
0.862000 0.0000000000
0.863000 0.0000000000
0.864000 0.0000000000
0.865000 0.0000000000
0.866000 0.0000000000
0.867000 0.0000000000
0.868000 0.0000000000
0.869000 0.0000000000
0.870000 0.0000000000
0.871000 0.0000000000
0.872000 0.0000000000
0.873000 0.0000000000
0.874000 0.0000000000
0.875000 0.0000000000
0.876000 0.0000000000
0.877000 0.0000000000
0.878000 0.0000000000
0.879000 0.0000000000
0.880000 0.0000000000
0.881000 0.0000000000
0.882000 0.0000000000
0.883000 0.0000000000
0.884000 0.0000000000
0.885000 0.0000000000
0.886000 0.0000000000
0.887000 0.0000000000
0.888000 0.0000000000
0.889000 0.0000000000
0.890000 0.0000000000
0.891000 0.0000000000
0.892000 0.0000000000
0.893000 0.0000000000
0.894000 0.0000000000
0.895000 0.0000000000
0.896000 0.0000000000
0.897000 0.0000000000
0.898000 0.0000000000
0.899000 0.0000000000
0.900000 10.0000000000
0.901000 9.9211470131
0.902000 9.6858316113
0.903000 9.2977648589
0.904000 8.7630668004
0.905000 8.0901699437
0.906000 7.2896862742
0.907000 6.3742398975
0.908000 5.3582679498
0.909000 4.2577929157
0.910000 3.0901699437
0.911000 1.8738131459
0.912000 0.6279051953
0.913000 -0.6279051953
0.914000 -1.8738131459
0.915000 -3.0901699437
0.916000 -4.2577929157
0.917000 -5.3582679498
0.918000 -6.3742398975
0.919000 -7.2896862742
0.920000 -8.0901699437
0.921000 -8.7630668004
0.922000 -9.2977648589
0.923000 -9.6858316113
0.924000 -9.9211470131
0.925000 -10.0000000000
0.926000 -9.9211470131
0.927000 -9.6858316113
0.928000 -9.2977648589
0.929000 -8.7630668004
0.930000 -8.0901699437
0.931000 -7.2896862742
0.932000 -6.3742398975
0.933000 -5.3582679498
0.934000 -4.2577929157
0.935000 -3.0901699437
0.936000 -1.8738131459
0.937000 -0.6279051953
0.938000 0.6279051953
0.939000 1.8738131459
0.940000 3.0901699437
0.941000 4.2577929157
0.942000 5.3582679498
0.943000 6.3742398975
0.944000 7.2896862742
0.945000 8.0901699437
0.946000 8.7630668004
0.947000 9.2977648589
0.948000 9.6858316113
0.949000 9.9211470131
0.950000 10.0000000000
0.951000 9.9211470131
0.952000 9.6858316113
0.953000 9.2977648589
0.954000 8.7630668004
0.955000 8.0901699437
0.956000 7.2896862742
0.957000 6.3742398975
0.958000 5.3582679498
0.959000 4.2577929157
0.960000 3.0901699437
0.961000 1.8738131459
0.962000 0.6279051953
0.963000 -0.6279051953
0.964000 -1.8738131459
0.965000 -3.0901699437
0.966000 -4.2577929157
0.967000 -5.3582679498
0.968000 -6.3742398975
0.969000 -7.2896862742
0.970000 -8.0901699437
0.971000 -8.7630668004
0.972000 -9.2977648589
0.973000 -9.6858316113
0.974000 -9.9211470131
0.975000 -10.0000000000
0.976000 -9.9211470131
0.977000 -9.6858316113
0.978000 -9.2977648589
0.979000 -8.7630668004
0.980000 -8.0901699437
0.981000 -7.2896862742
0.982000 -6.3742398975
0.983000 -5.3582679498
0.984000 -4.2577929157
0.985000 -3.0901699437
0.986000 -1.8738131459
0.987000 -0.6279051953
0.988000 0.6279051953
0.989000 1.8738131459
0.990000 3.0901699437
0.991000 4.2577929157
0.992000 5.3582679498
0.993000 6.3742398975
0.994000 7.2896862742
0.995000 8.0901699437
0.996000 8.7630668004
0.997000 9.2977648589
0.998000 9.6858316113
0.999000 9.9211470131
1.000000 10.0000000000
1.001000 9.9211470131
1.002000 9.6858316113
1.003000 9.2977648589
1.004000 8.7630668004
1.005000 8.0901699437
1.006000 7.2896862742
1.007000 6.3742398975
1.008000 5.3582679498
1.009000 4.2577929157
1.010000 3.0901699437
1.011000 1.8738131459
1.012000 0.6279051953
1.013000 -0.6279051953
1.014000 -1.8738131459
1.015000 -3.0901699437
1.016000 -4.2577929157
1.017000 -5.3582679498
1.018000 -6.3742398975
1.019000 -7.2896862742
1.020000 -8.0901699437
1.021000 -8.7630668004
1.022000 -9.2977648589
1.023000 -9.6858316113
1.024000 -9.9211470131
1.025000 -10.0000000000
1.026000 -9.9211470131
1.027000 -9.6858316113
1.028000 -9.2977648589
1.029000 -8.7630668004
1.030000 -8.0901699437
1.031000 -7.2896862742
1.032000 -6.3742398975
1.033000 -5.3582679498
1.034000 -4.2577929157
1.035000 -3.0901699437
1.036000 -1.8738131459
1.037000 -0.6279051953
1.038000 0.6279051953
1.039000 1.8738131459
1.040000 3.0901699437
1.041000 4.2577929157
1.042000 5.3582679498
1.043000 6.3742398975
1.044000 7.2896862742
1.045000 8.0901699437
1.046000 8.7630668004
1.047000 9.2977648589
1.048000 9.6858316113
1.049000 9.9211470131
1.050000 10.0000000000
1.051000 9.9211470131
1.052000 9.6858316113
1.053000 9.2977648589
1.054000 8.7630668004
1.055000 8.0901699437
1.056000 7.2896862742
1.057000 6.3742398975
1.058000 5.3582679498
1.059000 4.2577929157
1.060000 3.0901699437
1.061000 1.8738131459
1.062000 0.6279051953
1.063000 -0.6279051953
1.064000 -1.8738131459
1.065000 -3.0901699437
1.066000 -4.2577929157
1.067000 -5.3582679498
1.068000 -6.3742398975
1.069000 -7.2896862742
1.070000 -8.0901699437
1.071000 -8.7630668004
1.072000 -9.2977648589
1.073000 -9.6858316113
1.074000 -9.9211470131
1.075000 -10.0000000000
1.076000 -9.9211470131
1.077000 -9.6858316113
1.078000 -9.2977648589
1.079000 -8.7630668004
1.080000 -8.0901699437
1.081000 -7.2896862742
1.082000 -6.3742398975
1.083000 -5.3582679498
1.084000 -4.2577929157
1.085000 -3.0901699437
1.086000 -1.8738131459
1.087000 -0.6279051953
1.088000 0.6279051953
1.089000 1.8738131459
1.090000 3.0901699437
1.091000 4.2577929157
1.092000 5.3582679498
1.093000 6.3742398975
1.094000 7.2896862742
1.095000 8.0901699437
1.096000 8.7630668004
1.097000 9.2977648589
1.098000 9.6858316113
1.099000 9.9211470131
1.100000 10.0000000000
1.101000 9.9211470131
1.102000 9.6858316113
1.103000 9.2977648589
1.104000 8.7630668004
1.105000 8.0901699437
1.106000 7.2896862742
1.107000 6.3742398975
1.108000 5.3582679498
1.109000 4.2577929157
1.110000 3.0901699437
1.111000 1.8738131459
1.112000 0.6279051953
1.113000 -0.6279051953
1.114000 -1.8738131459
1.115000 -3.0901699437
1.116000 -4.2577929157
1.117000 -5.3582679498
1.118000 -6.3742398975
1.119000 -7.2896862742
1.120000 -8.0901699437
1.121000 -8.7630668004
1.122000 -9.2977648589
1.123000 -9.6858316113
1.124000 -9.9211470131
1.125000 -10.0000000000
1.126000 -9.9211470131
1.127000 -9.6858316113
1.128000 -9.2977648589
1.129000 -8.7630668004
1.130000 -8.0901699437
1.131000 -7.2896862742
1.132000 -6.3742398975
1.133000 -5.3582679498
1.134000 -4.2577929157
1.135000 -3.0901699437
1.136000 -1.8738131459
1.137000 -0.6279051953
1.138000 0.6279051953
1.139000 1.8738131459
1.140000 3.0901699437
1.141000 4.2577929157
1.142000 5.3582679498
1.143000 6.3742398975
1.144000 7.2896862742
1.145000 8.0901699437
1.146000 8.7630668004
1.147000 9.2977648589
1.148000 9.6858316113
1.149000 9.9211470131
1.150000 10.0000000000
1.151000 9.9211470131
1.152000 9.6858316113
1.153000 9.2977648589
1.154000 8.7630668004
1.155000 8.0901699437
1.156000 7.2896862742
1.157000 6.3742398975
1.158000 5.3582679498
1.159000 4.2577929157
1.160000 3.0901699437
1.161000 1.8738131459
1.162000 0.6279051953
1.163000 -0.6279051953
1.164000 -1.8738131459
1.165000 -3.0901699437
1.166000 -4.2577929157
1.167000 -5.3582679498
1.168000 -6.3742398975
1.169000 -7.2896862742
1.170000 -8.0901699437
1.171000 -8.7630668004
1.172000 -9.2977648589
1.173000 -9.6858316113
1.174000 -9.9211470131
1.175000 -10.0000000000
1.176000 -9.9211470131
1.177000 -9.6858316113
1.178000 -9.2977648589
1.179000 -8.7630668004
1.180000 -8.0901699437
1.181000 -7.2896862742
1.182000 -6.3742398975
1.183000 -5.3582679498
1.184000 -4.2577929157
1.185000 -3.0901699437
1.186000 -1.8738131459
1.187000 -0.6279051953
1.188000 0.6279051953
1.189000 1.8738131459
1.190000 3.0901699437
1.191000 4.2577929157
1.192000 5.3582679498
1.193000 6.3742398975
1.194000 7.2896862742
1.195000 8.0901699437
1.196000 8.7630668004
1.197000 9.2977648589
1.198000 9.6858316113
1.199000 9.9211470131
1.200000 10.0000000000
1.201000 9.9211470131
1.202000 9.6858316113
1.203000 9.2977648589
1.204000 8.7630668004
1.205000 8.0901699437
1.206000 7.2896862742
1.207000 6.3742398975
1.208000 5.3582679498
1.209000 4.2577929157
1.210000 3.0901699437
1.211000 1.8738131459
1.212000 0.6279051953
1.213000 -0.6279051953
1.214000 -1.8738131459
1.215000 -3.0901699437
1.216000 -4.2577929157
1.217000 -5.3582679498
1.218000 -6.3742398975
1.219000 -7.2896862742
1.220000 -8.0901699437
1.221000 -8.7630668004
1.222000 -9.2977648589
1.223000 -9.6858316113
1.224000 -9.9211470131
1.225000 -10.0000000000
1.226000 -9.9211470131
1.227000 -9.6858316113
1.228000 -9.2977648589
1.229000 -8.7630668004
1.230000 -8.0901699437
1.231000 -7.2896862742
1.232000 -6.3742398975
1.233000 -5.3582679498
1.234000 -4.2577929157
1.235000 -3.0901699437
1.236000 -1.8738131459
1.237000 -0.6279051953
1.238000 0.6279051953
1.239000 1.8738131459
1.240000 3.0901699437
1.241000 4.2577929157
1.242000 5.3582679498
1.243000 6.3742398975
1.244000 7.2896862742
1.245000 8.0901699437
1.246000 8.7630668004
1.247000 9.2977648589
1.248000 9.6858316113
1.249000 9.9211470131
1.250000 10.0000000000
1.251000 9.9211470131
1.252000 9.6858316113
1.253000 9.2977648589
1.254000 8.7630668004
1.255000 8.0901699437
1.256000 7.2896862742
1.257000 6.3742398975
1.258000 5.3582679498
1.259000 4.2577929157
1.260000 3.0901699437
1.261000 1.8738131459
1.262000 0.6279051953
1.263000 -0.6279051953
1.264000 -1.8738131459
1.265000 -3.0901699437
1.266000 -4.2577929157
1.267000 -5.3582679498
1.268000 -6.3742398975
1.269000 -7.2896862742
1.270000 -8.0901699437
1.271000 -8.7630668004
1.272000 -9.2977648589
1.273000 -9.6858316113
1.274000 -9.9211470131
1.275000 -10.0000000000
1.276000 -9.9211470131
1.277000 -9.6858316113
1.278000 -9.2977648589
1.279000 -8.7630668004
1.280000 -8.0901699437
1.281000 -7.2896862742
1.282000 -6.3742398975
1.283000 -5.3582679498
1.284000 -4.2577929157
1.285000 -3.0901699437
1.286000 -1.8738131459
1.287000 -0.6279051953
1.288000 0.6279051953
1.289000 1.8738131459
1.290000 3.0901699437
1.291000 4.2577929157
1.292000 5.3582679498
1.293000 6.3742398975
1.294000 7.2896862742
1.295000 8.0901699437
1.296000 8.7630668004
1.297000 9.2977648589
1.298000 9.6858316113
1.299000 9.9211470131
1.300000 10.0000000000
1.301000 9.9211470131
1.302000 9.6858316113
1.303000 9.2977648589
1.304000 8.7630668004
1.305000 8.0901699437
1.306000 7.2896862742
1.307000 6.3742398975
1.308000 5.3582679498
1.309000 4.2577929157
1.310000 3.0901699437
1.311000 1.8738131459
1.312000 0.6279051953
1.313000 -0.6279051953
1.314000 -1.8738131459
1.315000 -3.0901699437
1.316000 -4.2577929157
1.317000 -5.3582679498
1.318000 -6.3742398975
1.319000 -7.2896862742
1.320000 -8.0901699437
1.321000 -8.7630668004
1.322000 -9.2977648589
1.323000 -9.6858316113
1.324000 -9.9211470131
1.325000 -10.0000000000
1.326000 -9.9211470131
1.327000 -9.6858316113
1.328000 -9.2977648589
1.329000 -8.7630668004
1.330000 -8.0901699437
1.331000 -7.2896862742
1.332000 -6.3742398975
1.333000 -5.3582679498
1.334000 -4.2577929157
1.335000 -3.0901699437
1.336000 -1.8738131459
1.337000 -0.6279051953
1.338000 0.6279051953
1.339000 1.8738131459
1.340000 3.0901699437
1.341000 4.2577929157
1.342000 5.3582679498
1.343000 6.3742398975
1.344000 7.2896862742
1.345000 8.0901699437
1.346000 8.7630668004
1.347000 9.2977648589
1.348000 9.6858316113
1.349000 9.9211470131
1.350000 10.0000000000
1.351000 9.9211470131
1.352000 9.6858316113
1.353000 9.2977648589
1.354000 8.7630668004
1.355000 8.0901699437
1.356000 7.2896862742
1.357000 6.3742398975
1.358000 5.3582679498
1.359000 4.2577929157
1.360000 3.0901699437
1.361000 1.8738131459
1.362000 0.6279051953
1.363000 -0.6279051953
1.364000 -1.8738131459
1.365000 -3.0901699437
1.366000 -4.2577929157
1.367000 -5.3582679498
1.368000 -6.3742398975
1.369000 -7.2896862742
1.370000 -8.0901699437
1.371000 -8.7630668004
1.372000 -9.2977648589
1.373000 -9.6858316113
1.374000 -9.9211470131
1.375000 -10.0000000000
1.376000 -9.9211470131
1.377000 -9.6858316113
1.378000 -9.2977648589
1.379000 -8.7630668004
1.380000 -8.0901699437
1.381000 -7.2896862742
1.382000 -6.3742398975
1.383000 -5.3582679498
1.384000 -4.2577929157
1.385000 -3.0901699437
1.386000 -1.8738131459
1.387000 -0.6279051953
1.388000 0.6279051953
1.389000 1.8738131459
1.390000 3.0901699437
1.391000 4.2577929157
1.392000 5.3582679498
1.393000 6.3742398975
1.394000 7.2896862742
1.395000 8.0901699437
1.396000 8.7630668004
1.397000 9.2977648589
1.398000 9.6858316113
1.399000 9.9211470131
1.400000 10.0000000000
1.401000 9.9211470131
1.402000 9.6858316113
1.403000 9.2977648589
1.404000 8.7630668004
1.405000 8.0901699437
1.406000 7.2896862742
1.407000 6.3742398975
1.408000 5.3582679498
1.409000 4.2577929157
1.410000 3.0901699437
1.411000 1.8738131459
1.412000 0.6279051953
1.413000 -0.6279051953
1.414000 -1.8738131459
1.415000 -3.0901699437
1.416000 -4.2577929157
1.417000 -5.3582679498
1.418000 -6.3742398975
1.419000 -7.2896862742
1.420000 -8.0901699437
1.421000 -8.7630668004
1.422000 -9.2977648589
1.423000 -9.6858316113
1.424000 -9.9211470131
1.425000 -10.0000000000
1.426000 -9.9211470131
1.427000 -9.6858316113
1.428000 -9.2977648589
1.429000 -8.7630668004
1.430000 -8.0901699437
1.431000 -7.2896862742
1.432000 -6.3742398975
1.433000 -5.3582679498
1.434000 -4.2577929157
1.435000 -3.0901699437
1.436000 -1.8738131459
1.437000 -0.6279051953
1.438000 0.6279051953
1.439000 1.8738131459
1.440000 3.0901699437
1.441000 4.2577929157
1.442000 5.3582679498
1.443000 6.3742398975
1.444000 7.2896862742
1.445000 8.0901699437
1.446000 8.7630668004
1.447000 9.2977648589
1.448000 9.6858316113
1.449000 9.9211470131
1.450000 0.0000000000
1.451000 0.0000000000
1.452000 0.0000000000
1.453000 0.0000000000
1.454000 0.0000000000
1.455000 0.0000000000
1.456000 0.0000000000
1.457000 0.0000000000
1.458000 0.0000000000
1.459000 0.0000000000
1.460000 0.0000000000
1.461000 0.0000000000
1.462000 0.0000000000
1.463000 0.0000000000
1.464000 0.0000000000
1.465000 0.0000000000
1.466000 0.0000000000
1.467000 0.0000000000
1.468000 0.0000000000
1.469000 0.0000000000
1.470000 0.0000000000
1.471000 0.0000000000
1.472000 0.0000000000
1.473000 0.0000000000
1.474000 0.0000000000
1.475000 0.0000000000
1.476000 0.0000000000
1.477000 0.0000000000
1.478000 0.0000000000
1.479000 0.0000000000
1.480000 0.0000000000
1.481000 0.0000000000
1.482000 0.0000000000
1.483000 0.0000000000
1.484000 0.0000000000
1.485000 0.0000000000
1.486000 0.0000000000
1.487000 0.0000000000
1.488000 0.0000000000
1.489000 0.0000000000
1.490000 0.0000000000
1.491000 0.0000000000
1.492000 0.0000000000
1.493000 0.0000000000
1.494000 0.0000000000
1.495000 0.0000000000
1.496000 0.0000000000
1.497000 0.0000000000
1.498000 0.0000000000
1.499000 0.0000000000
1.500000 0.0000000000
1.501000 0.0000000000
1.502000 0.0000000000
1.503000 0.0000000000
1.504000 0.0000000000
1.505000 0.0000000000
1.506000 0.0000000000
1.507000 0.0000000000
1.508000 0.0000000000
1.509000 0.0000000000
1.510000 0.0000000000
1.511000 0.0000000000
1.512000 0.0000000000
1.513000 0.0000000000
1.514000 0.0000000000
1.515000 0.0000000000
1.516000 0.0000000000
1.517000 0.0000000000
1.518000 0.0000000000
1.519000 0.0000000000
1.520000 0.0000000000
1.521000 0.0000000000
1.522000 0.0000000000
1.523000 0.0000000000
1.524000 0.0000000000
1.525000 0.0000000000
1.526000 0.0000000000
1.527000 0.0000000000
1.528000 0.0000000000
1.529000 0.0000000000
1.530000 0.0000000000
1.531000 0.0000000000
1.532000 0.0000000000
1.533000 0.0000000000
1.534000 0.0000000000
1.535000 0.0000000000
1.536000 0.0000000000
1.537000 0.0000000000
1.538000 0.0000000000
1.539000 0.0000000000
1.540000 0.0000000000
1.541000 0.0000000000
1.542000 0.0000000000
1.543000 0.0000000000
1.544000 0.0000000000
1.545000 0.0000000000
1.546000 0.0000000000
1.547000 0.0000000000
1.548000 0.0000000000
1.549000 0.0000000000
1.550000 0.0000000000
1.551000 0.0000000000
1.552000 0.0000000000
1.553000 0.0000000000
1.554000 0.0000000000
1.555000 0.0000000000
1.556000 0.0000000000
1.557000 0.0000000000
1.558000 0.0000000000
1.559000 0.0000000000
1.560000 0.0000000000
1.561000 0.0000000000
1.562000 0.0000000000
1.563000 0.0000000000
1.564000 0.0000000000
1.565000 0.0000000000
1.566000 0.0000000000
1.567000 0.0000000000
1.568000 0.0000000000
1.569000 0.0000000000
1.570000 0.0000000000
1.571000 0.0000000000
1.572000 0.0000000000
1.573000 0.0000000000
1.574000 0.0000000000
1.575000 20.0000000000
1.576000 19.1963967742
1.577000 16.8532367442
1.578000 13.1675387971
1.579000 8.4484378935
1.580000 3.0901699437
1.581000 -2.4622647485
1.582000 -7.7516656688
1.583000 -12.3479628594
1.584000 -15.8848050604
1.585000 -18.0901699437
1.586000 -18.8083300218
1.587000 -18.0113169569
1.588000 -15.7989995361
1.589000 -12.3879348026
1.590000 -8.0901699437
1.591000 -3.2840699537
1.592000 1.6200596073
1.593000 6.2163567979
1.594000 10.1384703582
1.595000 13.0901699437
1.596000 14.8688331127
1.597000 15.3798562180
1.598000 14.6409193234
1.599000 12.7760015550
1.600000 10.0000000000
1.601000 6.5956616675
1.602000 2.8852142775
1.603000 -0.8004836695
1.604000 -4.1522972132
1.605000 -6.9098300563
1.606000 -8.8826599677
1.607000 -9.9639830896
1.608000 -10.1356454386
1.609000 -9.4644098412
1.610000 -8.0901699437
1.611000 -6.2075949151
1.612000 -4.0432944902
1.613000 -1.8309770694
1.614000 0.2128003041
1.615000 1.9098300563
1.616000 3.1363252655
1.617000 3.8323770281
1.618000 4.0040393771
1.619000 3.7180751390
1.620000 3.0901699437
1.621000 2.2680980060
1.622000 1.4118337513
1.623000 0.6728968567
1.624000 0.1752664483
1.625000 0.0000000000
1.626000 0.1752664483
1.627000 0.6728968567
1.628000 1.4118337513
1.629000 2.2680980060
1.630000 3.0901699437
1.631000 3.7180751390
1.632000 4.0040393771
1.633000 3.8323770281
1.634000 3.1363252655
1.635000 1.9098300563
1.636000 0.2128003041
1.637000 -1.8309770694
1.638000 -4.0432944902
1.639000 -6.2075949151
1.640000 -8.0901699437
1.641000 -9.4644098412
1.642000 -10.1356454386
1.643000 -9.9639830896
1.644000 -8.8826599677
1.645000 -6.9098300563
1.646000 -4.1522972132
1.647000 -0.8004836695
1.648000 2.8852142775
1.649000 6.5956616675
1.650000 10.0000000000
1.651000 12.7760015550
1.652000 14.6409193234
1.653000 15.3798562180
1.654000 14.8688331127
1.655000 13.0901699437
1.656000 10.1384703582
1.657000 6.2163567979
1.658000 1.6200596073
1.659000 -3.2840699537
1.660000 -8.0901699437
1.661000 -12.3879348026
1.662000 -15.7989995361
1.663000 -18.0113169569
1.664000 -18.8083300218
1.665000 -18.0901699437
1.666000 -15.8848050604
1.667000 -12.3479628594
1.668000 -7.7516656688
1.669000 -2.4622647485
1.670000 3.0901699437
1.671000 8.4484378935
1.672000 13.1675387971
1.673000 16.8532367442
1.674000 19.1963967742
1.675000 20.0000000000
1.676000 19.1963967742
1.677000 16.8532367442
1.678000 13.1675387971
1.679000 8.4484378935
1.680000 3.0901699437
1.681000 -2.4622647485
1.682000 -7.7516656688
1.683000 -12.3479628594
1.684000 -15.8848050604
1.685000 -18.0901699437
1.686000 -18.8083300218
1.687000 -18.0113169569
1.688000 -15.7989995361
1.689000 -12.3879348026
1.690000 -8.0901699437
1.691000 -3.2840699537
1.692000 1.6200596073
1.693000 6.2163567979
1.694000 10.1384703582
1.695000 13.0901699437
1.696000 14.8688331127
1.697000 15.3798562180
1.698000 14.6409193234
1.699000 12.7760015550
1.700000 10.0000000000
1.701000 6.5956616675
1.702000 2.8852142775
1.703000 -0.8004836695
1.704000 -4.1522972132
1.705000 -6.9098300563
1.706000 -8.8826599677
1.707000 -9.9639830896
1.708000 -10.1356454386
1.709000 -9.4644098412
1.710000 -8.0901699437
1.711000 -6.2075949151
1.712000 -4.0432944902
1.713000 -1.8309770694
1.714000 0.2128003041
1.715000 1.9098300563
1.716000 3.1363252655
1.717000 3.8323770281
1.718000 4.0040393771
1.719000 3.7180751390
1.720000 3.0901699437
1.721000 2.2680980060
1.722000 1.4118337513
1.723000 0.6728968567
1.724000 0.1752664483
1.725000 0.0000000000
1.726000 0.1752664483
1.727000 0.6728968567
1.728000 1.4118337513
1.729000 2.2680980060
1.730000 3.0901699437
1.731000 3.7180751390
1.732000 4.0040393771
1.733000 3.8323770281
1.734000 3.1363252655
1.735000 1.9098300563
1.736000 0.2128003041
1.737000 -1.8309770694
1.738000 -4.0432944902
1.739000 -6.2075949151
1.740000 -8.0901699437
1.741000 -9.4644098412
1.742000 -10.1356454386
1.743000 -9.9639830896
1.744000 -8.8826599677
1.745000 -6.9098300563
1.746000 -4.1522972132
1.747000 -0.8004836695
1.748000 2.8852142775
1.749000 6.5956616675
1.750000 10.0000000000
1.751000 12.7760015550
1.752000 14.6409193234
1.753000 15.3798562180
1.754000 14.8688331127
1.755000 13.0901699437
1.756000 10.1384703582
1.757000 6.2163567979
1.758000 1.6200596073
1.759000 -3.2840699537
1.760000 -8.0901699437
1.761000 -12.3879348026
1.762000 -15.7989995361
1.763000 -18.0113169569
1.764000 -18.8083300218
1.765000 -18.0901699437
1.766000 -15.8848050604
1.767000 -12.3479628594
1.768000 -7.7516656688
1.769000 -2.4622647485
1.770000 3.0901699437
1.771000 8.4484378935
1.772000 13.1675387971
1.773000 16.8532367442
1.774000 19.1963967742
1.775000 20.0000000000
1.776000 19.1963967742
1.777000 16.8532367442
1.778000 13.1675387971
1.779000 8.4484378935
1.780000 3.0901699437
1.781000 -2.4622647485
1.782000 -7.7516656688
1.783000 -12.3479628594
1.784000 -15.8848050604
1.785000 -18.0901699437
1.786000 -18.8083300218
1.787000 -18.0113169569
1.788000 -15.7989995361
1.789000 -12.3879348026
1.790000 -8.0901699437
1.791000 -3.2840699537
1.792000 1.6200596073
1.793000 6.2163567979
1.794000 10.1384703582
1.795000 13.0901699437
1.796000 14.8688331127
1.797000 15.3798562180
1.798000 14.6409193234
1.799000 12.7760015550
1.800000 10.0000000000
1.801000 6.5956616675
1.802000 2.8852142775
1.803000 -0.8004836695
1.804000 -4.1522972132
1.805000 -6.9098300563
1.806000 -8.8826599677
1.807000 -9.9639830896
1.808000 -10.1356454386
1.809000 -9.4644098412
1.810000 -8.0901699437
1.811000 -6.2075949151
1.812000 -4.0432944902
1.813000 -1.8309770694
1.814000 0.2128003041
1.815000 1.9098300563
1.816000 3.1363252655
1.817000 3.8323770281
1.818000 4.0040393771
1.819000 3.7180751390
1.820000 3.0901699437
1.821000 2.2680980060
1.822000 1.4118337513
1.823000 0.6728968567
1.824000 0.1752664483
1.825000 0.0000000000
1.826000 0.1752664483
1.827000 0.6728968567
1.828000 1.4118337513
1.829000 2.2680980060
1.830000 3.0901699437
1.831000 3.7180751390
1.832000 4.0040393771
1.833000 3.8323770281
1.834000 3.1363252655
1.835000 1.9098300563
1.836000 0.2128003041
1.837000 -1.8309770694
1.838000 -4.0432944902
1.839000 -6.2075949151
1.840000 -8.0901699437
1.841000 -9.4644098412
1.842000 -10.1356454386
1.843000 -9.9639830896
1.844000 -8.8826599677
1.845000 -6.9098300563
1.846000 -4.1522972132
1.847000 -0.8004836695
1.848000 2.8852142775
1.849000 6.5956616675
1.850000 0.0000000000
1.851000 0.0000000000
1.852000 0.0000000000
1.853000 0.0000000000
1.854000 0.0000000000
1.855000 0.0000000000
1.856000 0.0000000000
1.857000 0.0000000000
1.858000 0.0000000000
1.859000 0.0000000000
1.860000 0.0000000000
1.861000 0.0000000000
1.862000 0.0000000000
1.863000 0.0000000000
1.864000 0.0000000000
1.865000 0.0000000000
1.866000 0.0000000000
1.867000 0.0000000000
1.868000 0.0000000000
1.869000 0.0000000000
1.870000 0.0000000000
1.871000 0.0000000000
1.872000 0.0000000000
1.873000 0.0000000000
1.874000 0.0000000000
1.875000 0.0000000000
1.876000 0.0000000000
1.877000 0.0000000000
1.878000 0.0000000000
1.879000 0.0000000000
1.880000 0.0000000000
1.881000 0.0000000000
1.882000 0.0000000000
1.883000 0.0000000000
1.884000 0.0000000000
1.885000 0.0000000000
1.886000 0.0000000000
1.887000 0.0000000000
1.888000 0.0000000000
1.889000 0.0000000000
1.890000 0.0000000000
1.891000 0.0000000000
1.892000 0.0000000000
1.893000 0.0000000000
1.894000 0.0000000000
1.895000 0.0000000000
1.896000 0.0000000000
1.897000 0.0000000000
1.898000 0.0000000000
1.899000 0.0000000000
1.900000 10.0000000000
1.901000 9.6858316113
1.902000 8.7630668004
1.903000 7.2896862742
1.904000 5.3582679498
1.905000 3.0901699437
1.906000 0.6279051953
1.907000 -1.8738131459
1.908000 -4.2577929157
1.909000 -6.3742398975
1.910000 -8.0901699437
1.911000 -9.2977648589
1.912000 -9.9211470131
1.913000 -9.9211470131
1.914000 -9.2977648589
1.915000 -8.0901699437
1.916000 -6.3742398975
1.917000 -4.2577929157
1.918000 -1.8738131459
1.919000 0.6279051953
1.920000 3.0901699437
1.921000 5.3582679498
1.922000 7.2896862742
1.923000 8.7630668004
1.924000 9.6858316113
1.925000 10.0000000000
1.926000 9.6858316113
1.927000 8.7630668004
1.928000 7.2896862742
1.929000 5.3582679498
1.930000 3.0901699437
1.931000 0.6279051953
1.932000 -1.8738131459
1.933000 -4.2577929157
1.934000 -6.3742398975
1.935000 -8.0901699437
1.936000 -9.2977648589
1.937000 -9.9211470131
1.938000 -9.9211470131
1.939000 -9.2977648589
1.940000 -8.0901699437
1.941000 -6.3742398975
1.942000 -4.2577929157
1.943000 -1.8738131459
1.944000 0.6279051953
1.945000 3.0901699437
1.946000 5.3582679498
1.947000 7.2896862742
1.948000 8.7630668004
1.949000 9.6858316113
1.950000 10.0000000000
1.951000 9.6858316113
1.952000 8.7630668004
1.953000 7.2896862742
1.954000 5.3582679498
1.955000 3.0901699437
1.956000 0.6279051953
1.957000 -1.8738131459
1.958000 -4.2577929157
1.959000 -6.3742398975
1.960000 -8.0901699437
1.961000 -9.2977648589
1.962000 -9.9211470131
1.963000 -9.9211470131
1.964000 -9.2977648589
1.965000 -8.0901699437
1.966000 -6.3742398975
1.967000 -4.2577929157
1.968000 -1.8738131459
1.969000 0.6279051953
1.970000 3.0901699437
1.971000 5.3582679498
1.972000 7.2896862742
1.973000 8.7630668004
1.974000 9.6858316113
1.975000 10.0000000000
1.976000 9.6858316113
1.977000 8.7630668004
1.978000 7.2896862742
1.979000 5.3582679498
1.980000 3.0901699437
1.981000 0.6279051953
1.982000 -1.8738131459
1.983000 -4.2577929157
1.984000 -6.3742398975
1.985000 -8.0901699437
1.986000 -9.2977648589
1.987000 -9.9211470131
1.988000 -9.9211470131
1.989000 -9.2977648589
1.990000 -8.0901699437
1.991000 -6.3742398975
1.992000 -4.2577929157
1.993000 -1.8738131459
1.994000 0.6279051953
1.995000 3.0901699437
1.996000 5.3582679498
1.997000 7.2896862742
1.998000 8.7630668004
1.999000 9.6858316113
2.000000 10.0000000000
2.001000 9.6858316113
2.002000 8.7630668004
2.003000 7.2896862742
2.004000 5.3582679498
2.005000 3.0901699437
2.006000 0.6279051953
2.007000 -1.8738131459
2.008000 -4.2577929157
2.009000 -6.3742398975
2.010000 -8.0901699437
2.011000 -9.2977648589
2.012000 -9.9211470131
2.013000 -9.9211470131
2.014000 -9.2977648589
2.015000 -8.0901699437
2.016000 -6.3742398975
2.017000 -4.2577929157
2.018000 -1.8738131459
2.019000 0.6279051953
2.020000 3.0901699437
2.021000 5.3582679498
2.022000 7.2896862742
2.023000 8.7630668004
2.024000 9.6858316113
2.025000 10.0000000000
2.026000 9.6858316113
2.027000 8.7630668004
2.028000 7.2896862742
2.029000 5.3582679498
2.030000 3.0901699437
2.031000 0.6279051953
2.032000 -1.8738131459
2.033000 -4.2577929157
2.034000 -6.3742398975
2.035000 -8.0901699437
2.036000 -9.2977648589
2.037000 -9.9211470131
2.038000 -9.9211470131
2.039000 -9.2977648589
2.040000 -8.0901699437
2.041000 -6.3742398975
2.042000 -4.2577929157
2.043000 -1.8738131459
2.044000 0.6279051953
2.045000 3.0901699437
2.046000 5.3582679498
2.047000 7.2896862742
2.048000 8.7630668004
2.049000 9.6858316113
2.050000 10.0000000000
2.051000 9.6858316113
2.052000 8.7630668004
2.053000 7.2896862742
2.054000 5.3582679498
2.055000 3.0901699437
2.056000 0.6279051953
2.057000 -1.8738131459
2.058000 -4.2577929157
2.059000 -6.3742398975
2.060000 -8.0901699437
2.061000 -9.2977648589
2.062000 -9.9211470131
2.063000 -9.9211470131
2.064000 -9.2977648589
2.065000 -8.0901699437
2.066000 -6.3742398975
2.067000 -4.2577929157
2.068000 -1.8738131459
2.069000 0.6279051953
2.070000 3.0901699437
2.071000 5.3582679498
2.072000 7.2896862742
2.073000 8.7630668004
2.074000 9.6858316113
2.075000 10.0000000000
2.076000 9.6858316113
2.077000 8.7630668004
2.078000 7.2896862742
2.079000 5.3582679498
2.080000 3.0901699437
2.081000 0.6279051953
2.082000 -1.8738131459
2.083000 -4.2577929157
2.084000 -6.3742398975
2.085000 -8.0901699437
2.086000 -9.2977648589
2.087000 -9.9211470131
2.088000 -9.9211470131
2.089000 -9.2977648589
2.090000 -8.0901699437
2.091000 -6.3742398975
2.092000 -4.2577929157
2.093000 -1.8738131459
2.094000 0.6279051953
2.095000 3.0901699437
2.096000 5.3582679498
2.097000 7.2896862742
2.098000 8.7630668004
2.099000 9.6858316113
2.100000 10.0000000000
2.101000 9.6858316113
2.102000 8.7630668004
2.103000 7.2896862742
2.104000 5.3582679498
2.105000 3.0901699437
2.106000 0.6279051953
2.107000 -1.8738131459
2.108000 -4.2577929157
2.109000 -6.3742398975
2.110000 -8.0901699437
2.111000 -9.2977648589
2.112000 -9.9211470131
2.113000 -9.9211470131
2.114000 -9.2977648589
2.115000 -8.0901699437
2.116000 -6.3742398975
2.117000 -4.2577929157
2.118000 -1.8738131459
2.119000 0.6279051953
2.120000 3.0901699437
2.121000 5.3582679498
2.122000 7.2896862742
2.123000 8.7630668004
2.124000 9.6858316113
2.125000 10.0000000000
2.126000 9.6858316113
2.127000 8.7630668004
2.128000 7.2896862742
2.129000 5.3582679498
2.130000 3.0901699437
2.131000 0.6279051953
2.132000 -1.8738131459
2.133000 -4.2577929157
2.134000 -6.3742398975
2.135000 -8.0901699437
2.136000 -9.2977648589
2.137000 -9.9211470131
2.138000 -9.9211470131
2.139000 -9.2977648589
2.140000 -8.0901699437
2.141000 -6.3742398975
2.142000 -4.2577929157
2.143000 -1.8738131459
2.144000 0.6279051953
2.145000 3.0901699437
2.146000 5.3582679498
2.147000 7.2896862742
2.148000 8.7630668004
2.149000 9.6858316113
2.150000 10.0000000000
2.151000 9.6858316113
2.152000 8.7630668004
2.153000 7.2896862742
2.154000 5.3582679498
2.155000 3.0901699437
2.156000 0.6279051953
2.157000 -1.8738131459
2.158000 -4.2577929157
2.159000 -6.3742398975
2.160000 -8.0901699437
2.161000 -9.2977648589
2.162000 -9.9211470131
2.163000 -9.9211470131
2.164000 -9.2977648589
2.165000 -8.0901699437
2.166000 -6.3742398975
2.167000 -4.2577929157
2.168000 -1.8738131459
2.169000 0.6279051953
2.170000 3.0901699437
2.171000 5.3582679498
2.172000 7.2896862742
2.173000 8.7630668004
2.174000 9.6858316113
2.175000 0.0000000000
2.176000 0.0000000000
2.177000 0.0000000000
2.178000 0.0000000000
2.179000 0.0000000000
2.180000 0.0000000000
2.181000 0.0000000000
2.182000 0.0000000000
2.183000 0.0000000000
2.184000 0.0000000000
2.185000 0.0000000000
2.186000 0.0000000000
2.187000 0.0000000000
2.188000 0.0000000000
2.189000 0.0000000000
2.190000 0.0000000000
2.191000 0.0000000000
2.192000 0.0000000000
2.193000 0.0000000000
2.194000 0.0000000000
2.195000 0.0000000000
2.196000 0.0000000000
2.197000 0.0000000000
2.198000 0.0000000000
2.199000 0.0000000000
2.200000 0.0000000000
2.201000 0.0000000000
2.202000 0.0000000000
2.203000 0.0000000000
2.204000 0.0000000000
2.205000 0.0000000000
2.206000 0.0000000000
2.207000 0.0000000000
2.208000 0.0000000000
2.209000 0.0000000000
2.210000 0.0000000000
2.211000 0.0000000000
2.212000 0.0000000000
2.213000 0.0000000000
2.214000 0.0000000000
2.215000 0.0000000000
2.216000 0.0000000000
2.217000 0.0000000000
2.218000 0.0000000000
2.219000 0.0000000000
2.220000 0.0000000000
2.221000 0.0000000000
2.222000 0.0000000000
2.223000 0.0000000000
2.224000 0.0000000000
2.225000 0.0000000000
2.226000 0.0000000000
2.227000 0.0000000000
2.228000 0.0000000000
2.229000 0.0000000000
2.230000 0.0000000000
2.231000 0.0000000000
2.232000 0.0000000000
2.233000 0.0000000000
2.234000 0.0000000000
2.235000 0.0000000000
2.236000 0.0000000000
2.237000 0.0000000000
2.238000 0.0000000000
2.239000 0.0000000000
2.240000 0.0000000000
2.241000 0.0000000000
2.242000 0.0000000000
2.243000 0.0000000000
2.244000 0.0000000000
2.245000 0.0000000000
2.246000 0.0000000000
2.247000 0.0000000000
2.248000 0.0000000000
2.249000 0.0000000000
2.250000 0.0000000000
2.251000 0.0000000000
2.252000 0.0000000000
2.253000 0.0000000000
2.254000 0.0000000000
2.255000 0.0000000000
2.256000 0.0000000000
2.257000 0.0000000000
2.258000 20.0000000000
2.259000 18.3460353835
2.260000 13.6639261717
2.261000 6.7446917873
2.262000 -1.2459079506
2.263000 -8.9680224667
2.264000 -15.1373066979
2.265000 -18.7433340847
2.266000 -19.2189118720
2.267000 -16.5313026706
2.268000 -11.1803398875
2.269000 -4.1049356141
2.270000 3.4844548039
2.271000 10.3170924009
2.272000 15.2794149629
2.273000 17.6007351067
2.274000 16.9755178855
2.275000 13.6023925400
2.276000 8.1351616051
2.277000 1.5567031565
2.278000 -5.0000000000
2.279000 -10.4507777026
2.280000 -13.9436245269
2.281000 -14.9948187020
2.282000 -13.5555577745
2.283000 -10.0000000000
2.284000 -5.0399719432
2.285000 0.4154461535
2.286000 5.4280386956
2.287000 9.1949673120
2.288000 11.1803398875
2.289000 11.1917766385
2.290000 9.3909719957
2.291000 6.2399014863
2.292000 2.3961453371
2.293000 -1.4203952192
2.294000 -4.5628790634
2.295000 -6.5694661092
2.296000 -7.2320810956
2.297000 -6.6116002854
2.298000 -5.0000000000
2.299000 -2.8403605520
2.300000 -0.6233821543
2.301000 1.2172004838
2.302000 2.3888269030
2.303000 2.7876825792
2.304000 2.5017183412
2.305000 1.7708940440
2.306000 0.9154463767
2.307000 0.2494943342
2.308000 0.0000000000
2.309000 0.2494943342
2.310000 0.9154463767
2.311000 1.7708940440
2.312000 2.5017183412
2.313000 2.7876825792
2.314000 2.3888269030
2.315000 1.2172004838
2.316000 -0.6233821543
2.317000 -2.8403605520
2.318000 -5.0000000000
2.319000 -6.6116002854
2.320000 -7.2320810956
2.321000 -6.5694661092
2.322000 -4.5628790634
2.323000 -1.4203952192
2.324000 2.3961453371
2.325000 6.2399014863
2.326000 9.3909719957
2.327000 11.1917766385
2.328000 11.1803398875
2.329000 9.1949673120
2.330000 5.4280386956
2.331000 0.4154461535
2.332000 -5.0399719432
2.333000 -10.0000000000
2.334000 -13.5555577745
2.335000 -14.9948187020
2.336000 -13.9436245269
2.337000 -10.4507777026
2.338000 -5.0000000000
2.339000 1.5567031565
2.340000 8.1351616051
2.341000 13.6023925400
2.342000 16.9755178855
2.343000 17.6007351067
2.344000 15.2794149629
2.345000 10.3170924009
2.346000 3.4844548039
2.347000 -4.1049356141
2.348000 -11.1803398875
2.349000 -16.5313026706
2.350000 -19.2189118720
2.351000 -18.7433340847
2.352000 -15.1373066979
2.353000 -8.9680224667
2.354000 -1.2459079506
2.355000 6.7446917873
2.356000 13.6639261717
2.357000 18.3460353835
2.358000 20.0000000000
2.359000 18.3460353835
2.360000 13.6639261717
2.361000 6.7446917873
2.362000 -1.2459079506
2.363000 -8.9680224667
2.364000 -15.1373066979
2.365000 -18.7433340847
2.366000 -19.2189118720
2.367000 -16.5313026706
2.368000 -11.1803398875
2.369000 -4.1049356141
2.370000 3.4844548039
2.371000 10.3170924009
2.372000 15.2794149629
2.373000 17.6007351067
2.374000 16.9755178855
2.375000 13.6023925400
2.376000 8.1351616051
2.377000 1.5567031565
2.378000 -5.0000000000
2.379000 -10.4507777026
2.380000 -13.9436245269
2.381000 -14.9948187020
2.382000 -13.5555577745
2.383000 -10.0000000000
2.384000 -5.0399719432
2.385000 0.4154461535
2.386000 5.4280386956
2.387000 9.1949673120
2.388000 11.1803398875
2.389000 11.1917766385
2.390000 9.3909719957
2.391000 6.2399014863
2.392000 2.3961453371
2.393000 -1.4203952192
2.394000 -4.5628790634
2.395000 -6.5694661092
2.396000 -7.2320810956
2.397000 -6.6116002854
2.398000 -5.0000000000
2.399000 -2.8403605520
2.400000 -0.6233821543
2.401000 1.2172004838
2.402000 2.3888269030
2.403000 2.7876825792
2.404000 2.5017183412
2.405000 1.7708940440
2.406000 0.9154463767
2.407000 0.2494943342
2.408000 0.0000000000
2.409000 0.2494943342
2.410000 0.9154463767
2.411000 1.7708940440
2.412000 2.5017183412
2.413000 2.7876825792
2.414000 2.3888269030
2.415000 1.2172004838
2.416000 -0.6233821543
2.417000 -2.8403605520
2.418000 -5.0000000000
2.419000 -6.6116002854
2.420000 -7.2320810956
2.421000 -6.5694661092
2.422000 -4.5628790634
2.423000 -1.4203952192
2.424000 2.3961453371
2.425000 6.2399014863
2.426000 9.3909719957
2.427000 11.1917766385
2.428000 11.1803398875
2.429000 9.1949673120
2.430000 5.4280386956
2.431000 0.4154461535
2.432000 -5.0399719432
2.433000 -10.0000000000
2.434000 -13.5555577745
2.435000 -14.9948187020
2.436000 -13.9436245269
2.437000 -10.4507777026
2.438000 -5.0000000000
2.439000 1.5567031565
2.440000 8.1351616051
2.441000 13.6023925400
2.442000 0.0000000000
2.443000 0.0000000000
2.444000 0.0000000000
2.445000 0.0000000000
2.446000 0.0000000000
2.447000 0.0000000000
2.448000 0.0000000000
2.449000 0.0000000000
2.450000 0.0000000000
2.451000 0.0000000000
2.452000 0.0000000000
2.453000 0.0000000000
2.454000 0.0000000000
2.455000 0.0000000000
2.456000 0.0000000000
2.457000 0.0000000000
2.458000 0.0000000000
2.459000 0.0000000000
2.460000 0.0000000000
2.461000 0.0000000000
2.462000 0.0000000000
2.463000 0.0000000000
2.464000 0.0000000000
2.465000 0.0000000000
2.466000 0.0000000000
2.467000 0.0000000000
2.468000 0.0000000000
2.469000 0.0000000000
2.470000 0.0000000000
2.471000 0.0000000000
2.472000 0.0000000000
2.473000 0.0000000000
2.474000 0.0000000000
2.475000 10.0000000000
2.476000 9.2977648589
2.477000 7.2896862742
2.478000 4.2577929157
2.479000 0.6279051953
2.480000 -3.0901699437
2.481000 -6.3742398975
2.482000 -8.7630668004
2.483000 -9.9211470131
2.484000 -9.6858316113
2.485000 -8.0901699437
2.486000 -5.3582679498
2.487000 -1.8738131459
2.488000 1.8738131459
2.489000 5.3582679498
2.490000 8.0901699437
2.491000 9.6858316113
2.492000 9.9211470131
2.493000 8.7630668004
2.494000 6.3742398975
2.495000 3.0901699437
2.496000 -0.6279051953
2.497000 -4.2577929157
2.498000 -7.2896862742
2.499000 -9.2977648589
2.500000 -10.0000000000
2.501000 -9.2977648589
2.502000 -7.2896862742
2.503000 -4.2577929157
2.504000 -0.6279051953
2.505000 3.0901699437
2.506000 6.3742398975
2.507000 8.7630668004
2.508000 9.9211470131
2.509000 9.6858316113
2.510000 8.0901699437
2.511000 5.3582679498
2.512000 1.8738131459
2.513000 -1.8738131459
2.514000 -5.3582679498
2.515000 -8.0901699437
2.516000 -9.6858316113
2.517000 -9.9211470131
2.518000 -8.7630668004
2.519000 -6.3742398975
2.520000 -3.0901699437
2.521000 0.6279051953
2.522000 4.2577929157
2.523000 7.2896862742
2.524000 9.2977648589
2.525000 10.0000000000
2.526000 9.2977648589
2.527000 7.2896862742
2.528000 4.2577929157
2.529000 0.6279051953
2.530000 -3.0901699437
2.531000 -6.3742398975
2.532000 -8.7630668004
2.533000 -9.9211470131
2.534000 -9.6858316113
2.535000 -8.0901699437
2.536000 -5.3582679498
2.537000 -1.8738131459
2.538000 1.8738131459
2.539000 5.3582679498
2.540000 8.0901699437
2.541000 9.6858316113
2.542000 9.9211470131
2.543000 8.7630668004
2.544000 6.3742398975
2.545000 3.0901699437
2.546000 -0.6279051953
2.547000 -4.2577929157
2.548000 -7.2896862742
2.549000 -9.2977648589
2.550000 -10.0000000000
2.551000 -9.2977648589
2.552000 -7.2896862742
2.553000 -4.2577929157
2.554000 -0.6279051953
2.555000 3.0901699437
2.556000 6.3742398975
2.557000 8.7630668004
2.558000 9.9211470131
2.559000 9.6858316113
2.560000 8.0901699437
2.561000 5.3582679498
2.562000 1.8738131459
2.563000 -1.8738131459
2.564000 -5.3582679498
2.565000 -8.0901699437
2.566000 -9.6858316113
2.567000 -9.9211470131
2.568000 -8.7630668004
2.569000 -6.3742398975
2.570000 -3.0901699437
2.571000 0.6279051953
2.572000 4.2577929157
2.573000 7.2896862742
2.574000 9.2977648589
2.575000 10.0000000000
2.576000 9.2977648589
2.577000 7.2896862742
2.578000 4.2577929157
2.579000 0.6279051953
2.580000 -3.0901699437
2.581000 -6.3742398975
2.582000 -8.7630668004
2.583000 -9.9211470131
2.584000 -9.6858316113
2.585000 -8.0901699437
2.586000 -5.3582679498
2.587000 -1.8738131459
2.588000 1.8738131459
2.589000 5.3582679498
2.590000 8.0901699437
2.591000 9.6858316113
2.592000 9.9211470131
2.593000 8.7630668004
2.594000 6.3742398975
2.595000 3.0901699437
2.596000 -0.6279051953
2.597000 -4.2577929157
2.598000 -7.2896862742
2.599000 -9.2977648589
2.600000 -10.0000000000
2.601000 -9.2977648589
2.602000 -7.2896862742
2.603000 -4.2577929157
2.604000 -0.6279051953
2.605000 3.0901699437
2.606000 6.3742398975
2.607000 8.7630668004
2.608000 9.9211470131
2.609000 9.6858316113
2.610000 8.0901699437
2.611000 5.3582679498
2.612000 1.8738131459
2.613000 -1.8738131459
2.614000 -5.3582679498
2.615000 -8.0901699437
2.616000 -9.6858316113
2.617000 -9.9211470131
2.618000 -8.7630668004
2.619000 -6.3742398975
2.620000 -3.0901699437
2.621000 0.6279051953
2.622000 4.2577929157
2.623000 7.2896862742
2.624000 9.2977648589
2.625000 10.0000000000
2.626000 9.2977648589
2.627000 7.2896862742
2.628000 4.2577929157
2.629000 0.6279051953
2.630000 -3.0901699437
2.631000 -6.3742398975
2.632000 -8.7630668004
2.633000 -9.9211470131
2.634000 -9.6858316113
2.635000 -8.0901699437
2.636000 -5.3582679498
2.637000 -1.8738131459
2.638000 1.8738131459
2.639000 5.3582679498
2.640000 8.0901699437
2.641000 9.6858316113
2.642000 9.9211470131
2.643000 8.7630668004
2.644000 6.3742398975
2.645000 3.0901699437
2.646000 -0.6279051953
2.647000 -4.2577929157
2.648000 -7.2896862742
2.649000 -9.2977648589
2.650000 -10.0000000000
2.651000 -9.2977648589
2.652000 -7.2896862742
2.653000 -4.2577929157
2.654000 -0.6279051953
2.655000 3.0901699437
2.656000 6.3742398975
2.657000 8.7630668004
2.658000 9.9211470131
2.659000 0.0000000000
2.660000 0.0000000000
2.661000 0.0000000000
2.662000 0.0000000000
2.663000 0.0000000000
2.664000 0.0000000000
2.665000 0.0000000000
2.666000 0.0000000000
2.667000 0.0000000000
2.668000 0.0000000000
2.669000 0.0000000000
2.670000 0.0000000000
2.671000 0.0000000000
2.672000 0.0000000000
2.673000 0.0000000000
2.674000 0.0000000000
2.675000 0.0000000000
2.676000 0.0000000000
2.677000 0.0000000000
2.678000 0.0000000000
2.679000 0.0000000000
2.680000 0.0000000000
2.681000 0.0000000000
2.682000 0.0000000000
2.683000 0.0000000000
2.684000 0.0000000000
2.685000 0.0000000000
2.686000 0.0000000000
2.687000 0.0000000000
2.688000 0.0000000000
2.689000 0.0000000000
2.690000 0.0000000000
2.691000 0.0000000000
2.692000 0.0000000000
2.693000 0.0000000000
2.694000 0.0000000000
2.695000 0.0000000000
2.696000 0.0000000000
2.697000 0.0000000000
2.698000 0.0000000000
2.699000 0.0000000000
2.700000 0.0000000000
2.701000 0.0000000000
2.702000 0.0000000000
2.703000 0.0000000000
2.704000 0.0000000000
2.705000 0.0000000000
2.706000 0.0000000000
2.707000 0.0000000000
2.708000 0.0000000000
2.709000 0.0000000000
2.710000 0.0000000000
2.711000 0.0000000000
2.712000 0.0000000000
2.713000 0.0000000000
2.714000 0.0000000000
2.715000 0.0000000000
2.716000 0.0000000000
2.717000 0.0000000000
2.718000 0.0000000000
2.719000 0.0000000000
2.720000 0.0000000000
2.721000 0.0000000000
2.722000 0.0000000000
2.723000 0.0000000000
2.724000 0.0000000000
2.725000 0.0000000000
2.726000 0.0000000000
2.727000 0.0000000000
2.728000 0.0000000000
2.729000 0.0000000000
2.730000 0.0000000000
2.731000 0.0000000000
2.732000 0.0000000000
2.733000 0.0000000000
2.734000 0.0000000000
2.735000 0.0000000000
2.736000 0.0000000000
2.737000 0.0000000000
2.738000 0.0000000000
2.739000 0.0000000000
2.740000 0.0000000000
2.741000 0.0000000000
